-1.63 1.489 0.16 -0.251 0.16 -0.249 -1.63 1.4909999999999999 
0.16 -0.251 -2.21 -2.521 -2.21 -2.519 0.16 -0.249 
-2.21 -2.521 0.19 -3.0309999999999997 0.19 -3.029 -2.21 -2.519 
0.19 -3.0309999999999997 2.8 -2.701 2.8 -2.6990000000000003 0.19 -3.029 
2.8 -2.701 1.0 -1.591 1.0 -1.5890000000000002 2.8 -2.6990000000000003 
1.0 -1.591 -0.87 -2.001 -0.87 -1.999 1.0 -1.5890000000000002 
-0.87 -2.001 2.03 -0.471 2.03 -0.469 -0.87 -1.999 
2.03 -0.471 3.3 -0.301 3.3 -0.299 2.03 -0.469 
3.299 -0.3 3.3009999999999997 -0.3 2.851 1.79 2.849 1.79 
2.85 1.7890000000000001 2.64 1.929 2.64 1.9309999999999998 2.85 1.791 
2.64 1.929 1.0 2.589 1.0 2.5909999999999997 2.64 1.9309999999999998 
1.0 2.589 -0.5 2.529 -0.5 2.5309999999999997 1.0 2.5909999999999997 
-0.5 2.529 -1.95 2.309 -1.95 2.311 -0.5 2.5309999999999997 
-1.95 2.309 1.01 1.709 1.01 1.7109999999999999 -1.95 2.311 
1.01 1.709 1.01 1.709 1.01 1.7109999999999999 1.01 1.7109999999999999 
1.01 1.709 2.08 0.979 2.08 0.981 1.01 1.7109999999999999 
2.079 0.98 2.081 0.98 2.541 0.29 2.539 0.29 
2.54 0.289 1.27 0.329 1.27 0.331 2.54 0.291 
1.27 0.329 0.8 0.599 0.8 0.601 1.27 0.331 
0.8 0.599 1.32 0.599 1.32 0.601 0.8 0.601 
1.32 0.599 1.86 0.699 1.86 0.701 1.32 0.601 
1.8590000000000002 0.7 1.861 0.7 1.4809999999999999 1.14 1.479 1.14 
1.48 1.139 1.0 1.139 1.0 1.1409999999999998 1.48 1.1409999999999998 
1.0 1.139 0.27 1.0790000000000002 0.27 1.081 1.0 1.1409999999999998 
0.27 1.0790000000000002 0.27 1.0790000000000002 0.27 1.081 0.27 1.081 
0.269 1.08 0.271 1.08 0.451 0.29 0.449 0.29 
0.45 0.289 1.61 -0.331 1.61 -0.329 0.45 0.291 
1.61 -0.331 2.49 0.079 2.49 0.081 1.61 -0.329 
2.49 0.079 2.09 -0.301 2.09 -0.299 2.49 0.081 
2.09 -0.301 1.5 -0.531 1.5 -0.529 2.09 -0.299 
1.5 -0.531 0.74 -0.211 0.74 -0.209 1.5 -0.529 
0.74 -0.211 0.16 0.339 0.16 0.341 0.74 -0.209 
0.159 0.34 0.161 0.34 -0.199 1.35 -0.201 1.35 
-0.2 1.3490000000000002 -1.63 1.489 -1.63 1.4909999999999999 -0.2 1.351 
